35195
26046
103
39495
47269
6702
56893
37720
5918
32968
53388
2102
40696
25473
37930
55430
59659
40734
38358
57694
18614
6558
39857
10610
23361
25882
8591
15934
60820
43341
51274
594
15585
15049
47727
29782
56059
36471
11478
42455
29272
40436
38775
3815
27085
65251
3410
10801
61877
53118
20623
12929
23855
40686
11689
33150
12081
54145
3194
23850
58876
64723
62414
35208
5403
30676
56016
11038
40871
53077
44682
2289
4004
6394
63529
1630
56513
64729
21927
25137
35399
10657
45480
28070
33376
16457
17257
44808
31171
5417
15490
52596
33565
55627
47724
59717
13028
61924
7485
48181
50022
5541
34416
49158
56215
39931
43455
51410
53853
43476
43414
47821
14588
15925
51306
61722
27525
48954
54047
22040
31351
522
19928
17370
9951
22117
20410
55121
59127
40115
16891
10382
5721
7239
16090
45118
65260
45873
58547
17676
20640
6518
7095
27732
47786
39800
33048
65416
37547
45753
5101
19599
2607
54568
65040
10707
12971
19077
14545
59563
41090
45210
41451
30909
38947
29485
21506
26346
25144
65307
44580
2288
20051
2525
2753
7615
33721
21408
20341
22715
36686
49847
1808
48390
33123
20299
56809
52366
55109
42651
4283
28333
41125
45450
36758
2611
43261
50030
23477
47334
38567
26547
36898
13561
11627
55292
54379
20049
17949
42067
58958
23391
49646
5303
56844
25268
17248
6828
45078
13558
55718
8944
51674
36141
62185
55036
1329
42377
53204
33882
18935
47867
41909
53405
16121
22720
27226
1257
17754
14396
64593
16152
31751
12228
54444
26970
48598
24140
28290
61352
62732
10414
52435
48379
60499
2465
10938
21728
8110
56760
38244
41355
21174
37696
14825
52830
43894
47224
114
52273
17934
44097
63827
45767
7201
31649
37090
27380
24314
9188
12649
64117
9160
54300
16572
34354
20854
21309
26082
1427
59073
14436
62542
37363
59500
41856
51854
56456
569
31605
822
19239
17605
26195
32153
30204
34247
7892
35263
44319
2764
465
17720
464
3994
40292
26132
17373
56363
17436
5124
62669
57839
40726
56884
24567
22478
35991
1134
38127
6134
17326
60605
47417
56426
23353
20750
4746
5975
31014
7137
56651
30092
49295
3277
52914
64240
41070
42791
24549
44636
7001
788
19353
64146
39301
21972
8822
32882
35541
13705
26589
49863
44602
8452
12610
14461
32558
57871
61934
18155
47370
16875
42062
62867
56223
55549
21759
55071
21475
46525
43688
23387
12345
12498
7487
10982
53459
40480
26340
10878
43877
4565
21823
41072
15577
9805
35802
46593
34183
26974
19131
10214
45922
48678
47356
38780
54122
53705
7483
12592
55094
36329
28109
38737
56905
57668
38206
31253
23507
65116
3159
31053
23208
24304
9948
51629
10351
4729
51881
16733
6482
37666
44820
32121
50240
6420
41908
36686
6178
1183
28475
19363
27042
60909
20499
58277
10878
31279
1591
50493
21573
39728
3996
64284
52122
1251
43906
62074
40077
44383
38074
61777
3830
11486
48153
55858
14504
62735
45811
34469
3495
6029
48598
58689
35370
49933
35364
47205
41309
41874
23014
54654
13601
58573
51270
54707
47158
979
29502
30556
56300
51239
17354
24280
3803
22636
27225
19588
49489
14047
41191
18401
43111
8577
54169
11489
16543
2925
60519
43700
60951
11554
25100
17151
33232
6651
5826
36880
64214
52931
35977
55215
52724
18854
670
14870
14600
50168
32585
6224
28265
33624
27137
17992
9024
10111
16501
25140
4002
44264
13778
4145
43697
14527
35432
42238
13939
24639
873
63759
32915
35655
49788
7404
30012
28597
31825
39998
16836
26358
40877
64880
46165
37362
54406
33591
20064
48859
34936
41870
4000
49389
15291
40801
59680
10738
27559
36565
33061
61674
20112
43799
5292
46659
56322
44788
53005
50575
40108
38530
34619
17442
33557
35650
63861
54371
10529
20551
63276
21624
37751
26801
45789
54615
25262
36123
62829
55910
48978
55814
17466
56124
29086
44224
34018
44453
23561
5468
39907
20263
57711
32249
40990
45173
51267
304
11491
62262
40055
28283
59678
39163
56774
10901
45679
41544
59448
42736
53466
37729
13510
48455
57733
56184
37145
44672
40672
40730
17077
9652
37104
27010
48298
29832
58183
40737
60073
15420
58937
40813
59830
2664
1960
37386
59878
47158
42050
46338
32192
60054
58880
19519
42787
12424
52885
50943
57277
25941
34458
23502
20371
7892
29339
57366
34832
44751
26711
29324
55507
12679
36431
14612
40489
5471
278
53380
29499
47193
47645
36802
46165
6736
30196
44526
13374
7679
29181
3438
62088
33390
58796
37153
17609
12578
38920
46879
35136
63250
350
53830
43993
30175
4353
51931
38347
31637
6769
19386
57785
55386
10653
48793
47490
52828
15974
23395
46225
57394
51601
52915
34260
51156
29634
58982
43847
62433
22420
11001
34595
60705
44406
1546
65495
21062
38893
55989
10452
46932
37983
25005
32411
10227
48449
24903
58653
33625
55493
65303
5171
36098
22955
1579
13153
47638
22519
32663
38911
18295
56409
25726
28724
33607
1132
21936
27994
58748
52791
36718
35411
16667
10504
31811
59923
8713
3681
43541
38940
9653
21090
40324
3269
36276
58730
19127
39275
28403
58166
25879
61966
9401
58547
25181
37336
14380
7004
60972
41937
53901
11597
43845
55224
23760
8948
56196
20985
57973
59449
53678
60519
39442
32143
44183
49251
1016
28665
41947
29374
63746
9117
20578
47605
55604
59836
38771
57518
36296
25176
52105
42245
64596
53924
56202
22890
50152
36079
1236
59778
2250
21477
65530
46504
49845
31685
28723
46491
31739
1738
62423
8130
61533
53474
24016
53706
12408
12245
48680
53726
15687
64262
10206
41349
52748
24191
56626
29787
44175
64238
22316
8689
51238
52584
43511
21278
33259
192
7077
46171
27495
54496
30399
8340
38989
4526
9034
50791
2657
16416
24776
17779
42996
2115
61260
63003
37078
23470
63093
52372
44498
27627
17491
9284
41976
8618
58515
53871
14712
52903
14368
997
64884
65290
54933
17
8689
39430
44037
6558
56929
19211
38620
421
1317
30408
47350
51771
20035
45137
17769
6350
203
50380
44827
3052
22983
30074
11401
58234
18175
60204
53302
35264
44018
51496
21606
12270
35816
41641
55615
36202
43981
62411
30596
16173
52514
48840
50429
53116
49121
38811
25495
9982
40652
25666
61081
25214
30725
62867
9014
7466
64874
3501
57429
18858
9550
33902
34401
21959
40703
14707
